13 0.7601078171875 0.28781249999999997 0.7439353093750001 0.2728125 0.7223719671875 0.2603125 0.670485175 0.24312499999999998 0.5855795140625 0.231875 0.5181940703125 0.23312499999999997 0.487196765625 0.2375 0.458894878125 0.24625 0.4353099734375 0.25656249999999997 0.41644204843750005 0.26968749999999997 0.39892183281250004 0.29093749999999996 0.393530996875 0.3053125 0.3921832890625 0.33218749999999997 0.4002695421875 0.3490625 0.4110512125 0.3621875 0.43396226406249994 0.37906249999999997 0.49123989218749997 0.39875 0.5195417796874999 0.40437500000000004 0.545822103125 0.40531249999999996 0.61657681875 0.395625 0.66374663125 0.3975 0.6920485171874999 0.39125 0.72641509375 0.3734375 0.7574123984375001 0.3440625 0.7695417796874999 0.3196875 0.7681940703125 0.3021875 0.7601078171875 0.28781249999999997
13 0.7378706203125 0.41500000000000004 0.7122641515625 0.406875 0.6677897578125 0.39875 0.6152291109375 0.39625 0.5438005390625 0.40750000000000003 0.5067385437499999 0.42093749999999996 0.458221025 0.4515625 0.4447439359375 0.4721875 0.44339622656250005 0.4915625 0.4501347703125 0.5059375 0.4676549859375 0.5228125 0.5006738546875 0.5393749999999999 0.582884096875 0.5506249999999999 0.62601078125 0.56375 0.65633423125 0.5640625 0.6785714281249999 0.561875 0.7176549859375 0.553125 0.7897574125 0.5228125 0.8099730453125 0.5028125 0.8113207546875 0.4771875 0.7884097031249999 0.4459375 0.762803234375 0.42718749999999994 0.7378706203125 0.41500000000000004
13 0.9225067390625 0.52 0.8685983828125 0.51875 0.8349056609375 0.520625 0.774258759375 0.530625 0.718328840625 0.5540625 0.692722371875 0.5759375 0.6805929921875 0.6009375 0.6900269546875 0.6303124999999999 0.6994609171875 0.6415625 0.72641509375 0.6603125000000001 0.738544475 0.6628125 0.8106469000000001 0.658125 0.8699460921875 0.65125 0.9467654984375 0.6475 0.998652290625 0.6371875 1 0.5434375 0.9831536390625001 0.534375 0.9561994609375001 0.525625 0.9225067390625 0.52
13 0.41442048593749997 0.718125 0.46159029687500003 0.72375 0.536388140625 0.7246875 0.5896226421875 0.718125 0.622641509375 0.7059375 0.6111859843749999 0.70375 0.49123989218749997 0.70375 0.3928571421875 0.69875 0.384097034375 0.7009375 0.3894878703125 0.7084374999999999 0.41442048593749997 0.718125
13 0.4723719671875 0.5443749999999999 0.42385444687499996 0.5506249999999999 0.3874663078125 0.5625 0.36657681875 0.5728125000000001 0.34097035 0.5934375000000001 0.323450134375 0.6159375 0.3207547171875 0.6459374999999999 0.329514825 0.6575 0.47641509375 0.6681250000000001 0.6199460921875 0.6678124999999999 0.6711590296875001 0.6653125 0.6873315359375 0.6321875 0.6846361187500001 0.6121875 0.6725067390625 0.5934375000000001 0.650943396875 0.5765625 0.6206199453125001 0.5625 0.5545822109375 0.546875 0.4723719671875 0.5443749999999999
13 0.42991913750000005 0.5146875 0.4002695421875 0.4815625 0.365902965625 0.46687500000000004 0.32142857187499996 0.45875000000000005 0.190700809375 0.46187500000000004 0.12601078125 0.46875 0.0977088953125 0.47625 0.057951482812499996 0.49343750000000003 0.041778975 0.5059375 0.026954178125 0.5253125 0.02560646875 0.5459375 0.03504043125 0.5646875 0.056603773437500005 0.5859375 0.078167115625 0.5984375 0.1314016171875 0.618125 0.1677897578125 0.626875 0.21765498593750002 0.6325000000000001 0.25606469062500004 0.6328125 0.2809973046875 0.63125 0.3180592984375 0.6234375 0.32884097031250004 0.6040625000000001 0.3571428578125 0.5778125000000001 0.3807277625 0.564375 0.431266846875 0.5471874999999999 0.4353099734375 0.5409375 0.42991913750000005 0.5146875
13 0.3881401625 0.3353125 0.35512129375 0.319375 0.3052560640625 0.30874999999999997 0.24191374687499997 0.31062500000000004 0.1826145546875 0.32375 0.1455525609375 0.3428125 0.1293800546875 0.3571875 0.12129380000000001 0.3728125 0.11859838281249999 0.40031249999999996 0.13342318125 0.42406249999999995 0.1522911046875 0.43968749999999995 0.1758760109375 0.45062499999999994 0.20552560625 0.458125 0.2479784359375 0.45968749999999997 0.29447439375 0.4575 0.3389487875 0.459375 0.363207546875 0.45437500000000003 0.39892183281250004 0.43843750000000004 0.42318059375 0.4103125 0.4272237203125 0.3771875 0.4002695421875 0.3540625 0.3881401625 0.3353125
13 0.16576819375000001 0.3171875 0.170485175 0.32687499999999997 0.24326145625 0.31 0.2998652296875 0.308125 0.3389487875 0.31437499999999996 0.3618598375 0.32125 0.382075471875 0.33125 0.3894878703125 0.3315625 0.393530996875 0.3003125 0.4083557953125 0.27468750000000003 0.3712938 0.265 0.328167115625 0.26 0.25673854375 0.263125 0.2001347703125 0.278125 0.173854446875 0.2953125 0.16576819375000001 0.3171875
13 0.8955525609375 0.274375 0.8618598375 0.265 0.8416442046875 0.263125 0.793126684375 0.26437499999999997 0.7648247984375 0.27 0.7520215640625 0.27531249999999996 0.7695417796874999 0.3021875 0.7681940703125 0.3284375 0.7560646906249999 0.3471875 0.7115902968750001 0.38468749999999996 0.7237196765625 0.3940625 0.7553908359375 0.406875 0.7836927218749999 0.41187500000000005 0.8194070078125 0.41281249999999997 0.8861185984375 0.396875 0.95350404375 0.39187500000000003 0.981132075 0.3746875 0.99326145625 0.3565625 0.989218328125 0.33218749999999997 0.9770889484374999 0.3178125 0.9204851749999999 0.29093749999999996 0.8955525609375 0.274375
13 0.8005390828125 0.4571875 0.8126684640624999 0.47906250000000006 0.8113207546875 0.5003124999999999 0.8005390828125 0.5215625 0.8672506734375001 0.5181250000000001 0.9225067390625 0.5193749999999999 0.9602425875 0.52625 0.998652290625 0.5396875 1 0.3984375 0.977762803125 0.39437500000000003 0.942722371875 0.39375 0.872641509375 0.4 0.830862534375 0.41187500000000005 0.7884097031249999 0.43656249999999996 0.7857142859375 0.44343750000000004 0.8005390828125 0.4571875
13 0 0.5384375 0.0134770890625 0.5396875 0.0229110515625 0.5365624999999999 0.026954178125 0.5234375 0.041778975 0.5046875 0.0660377359375 0.4884375 0.10714285781249999 0.4725 0.18463611875 0.45968749999999997 0.183288409375 0.4559375 0.15633423125 0.44406249999999997 0.14150943437500002 0.4334375 0.11590296562499999 0.40031249999999996 0.07075471718750001 0.390625 0.0343665765625 0.3875 0 0.3878125 0 0.5384375
13 0 0.3721875 0.0006738546875000001 0.38687499999999997 0.0586253375 0.38875000000000004 0.11455525625 0.3978125 0.122641509375 0.3646875 0.1374663078125 0.34781249999999997 0.167115903125 0.3303125 0.1610512125 0.32625000000000004 0.11657681875 0.32687499999999997 0.07479784375000001 0.335625 0.030997304687499998 0.35343749999999996 0 0.3721875