13 0.2796495953125 0.39437500000000003 0.2378706203125 0.4 0.2048517515625 0.41218750000000004 0.1805929921875 0.42718749999999994 0.1684636125 0.4496875 0.17452830156250002 0.45187499999999997 0.2203504046875 0.453125 0.2634770890625 0.46125 0.29649595624999997 0.4728125 0.3227762796875 0.49124999999999996 0.332884096875 0.49093749999999997 0.37196765468750004 0.47781250000000003 0.393530996875 0.46218750000000003 0.4002695421875 0.44281249999999994 0.3921832890625 0.4265625 0.372641509375 0.41187500000000005 0.35512129375 0.40437500000000004 0.3200808625 0.395625 0.2796495953125 0.39437500000000003
13 0.398247978125 0.36 0.353773584375 0.36875 0.33153638750000003 0.37906249999999997 0.3221024265625 0.3903125 0.323450134375 0.3953125 0.3524258765625 0.403125 0.377358490625 0.4140625 0.40229110468749996 0.43875000000000003 0.44743935312499994 0.4390625 0.4804582203125 0.43624999999999997 0.5094339625 0.4203125 0.5215633421875 0.4021875 0.5215633421875 0.3878125 0.5094339625 0.3728125 0.48450134843750003 0.36062500000000003 0.46024258749999997 0.356875 0.398247978125 0.36
13 0.5599730453125 0.365625 0.5336927218749999 0.38093750000000004 0.524258759375 0.3928125 0.5229110515625 0.4103125 0.5283018875 0.42093749999999996 0.5343665765625001 0.42312500000000003 0.566711590625 0.41875 0.617924528125 0.418125 0.6597035046874999 0.42437500000000006 0.6873315359375 0.43218750000000006 0.7048517515625 0.4103125 0.73584905625 0.3928125 0.7291105124999999 0.3803125 0.7115902968750001 0.36906249999999996 0.6772237203125 0.35750000000000004 0.643530996875 0.35375 0.6004043125 0.35562499999999997 0.5599730453125 0.365625
13 0.9090296499999999 0.388125 0.8645552562500001 0.3775 0.80390835625 0.375625 0.760781671875 0.384375 0.7075471703125 0.4078125 0.6954177890625 0.4215625 0.6913746625 0.43531250000000005 0.7142857140625 0.4534375 0.7291105124999999 0.47468750000000004 0.7560646906249999 0.4840625 0.7823450140625 0.47000000000000003 0.8187331531250001 0.459375 0.8497304578125 0.45499999999999996 0.8847708890625 0.45437500000000003 0.9070080859375 0.4334375 0.9447439359375001 0.4190625 0.93665768125 0.4034375 0.9090296499999999 0.388125
13 0.973045821875 0.47531249999999997 0.998652290625 0.49031250000000004 1 0.41593749999999996 0.996630728125 0.4125 0.95350404375 0.4175 0.9211590296875001 0.42750000000000005 0.9002695421875 0.43843750000000004 0.8894878703125 0.4534375 0.9440700812499999 0.46375 0.973045821875 0.47531249999999997
13 1 0.4928125 0.9561994609375001 0.468125 0.923854446875 0.45875000000000005 0.900943396875 0.45562500000000006 0.8591644203125 0.45499999999999996 0.8173854453124999 0.45999999999999996 0.7904312671875 0.46749999999999997 0.7708894875000001 0.4765625 0.753369271875 0.49031250000000004 0.737196765625 0.5203125 0.7425876015624999 0.5403125 0.7621293796875 0.5543750000000001 0.8295148250000001 0.55125 0.8685983828125 0.555625 0.8942048515625001 0.56375 0.9305929921875 0.58375 0.9420485171875 0.5834374999999999 0.96967655 0.57875 1 0.5665625000000001 1 0.4928125
13 0.8793800546874999 0.5587500000000001 0.8376010781250001 0.551875 0.76617250625 0.555625 0.7351752015625 0.563125 0.6994609171875 0.5809375 0.6805929921875 0.6003125 0.6900269546875 0.6203125 0.6900269546875 0.6384375 0.70350404375 0.6496875 0.7203504046875 0.6575 0.738544475 0.6578125 0.811994609375 0.650625 0.8753369265625001 0.64125 0.9211590296875001 0.6325000000000001 0.9474393531249999 0.6246875000000001 0.9501347703125 0.6084375 0.9420485171875 0.5965625 0.9097035046874999 0.5715625 0.8793800546874999 0.5587500000000001
13 0.47776280312499997 0.5806250000000001 0.454177896875 0.5946875 0.43665768125 0.6159375 0.438005390625 0.6353125000000001 0.454177896875 0.6559375000000001 0.46428571406249997 0.6587500000000001 0.5195417796874999 0.661875 0.640161725 0.6628125 0.6778975734375 0.6596875 0.6886792453125 0.6390625 0.683288409375 0.6084375 0.6576819406250001 0.5871875 0.617924528125 0.57375 0.566711590625 0.56875 0.5208894875000001 0.57125 0.47776280312499997 0.5806250000000001
13 0.6206199453125001 0.41875 0.5613207546875 0.41937499999999994 0.5006738546875 0.43062500000000004 0.4487870625 0.4515625 0.43396226406249994 0.4653125 0.428571428125 0.47843749999999996 0.43665768125 0.5078125 0.4501347703125 0.5215625 0.46698113281250003 0.53125 0.5249326140624999 0.545 0.5599730453125 0.548125 0.5902964953125001 0.5478125 0.6233153640625 0.545 0.671832884375 0.53 0.7156334234374999 0.5034375 0.7250673859375001 0.48656249999999995 0.71967655 0.46218750000000003 0.69407008125 0.43843750000000004 0.6597035046874999 0.425 0.6206199453125001 0.41875
13 0.39420485156249996 0.515 0.3402964953125 0.5131249999999999 0.27830188749999996 0.515625 0.23382749375 0.526875 0.1913746625 0.5471874999999999 0.17789757343749998 0.5684375 0.17924528281250002 0.5878125 0.19272237187500002 0.6040625000000001 0.21765498593750002 0.620625 0.3066037734375 0.64 0.33625336875 0.6443749999999999 0.3571428578125 0.6446875000000001 0.3928571421875 0.6375 0.43396226406249994 0.6215625 0.44609164375 0.6009375 0.473045821875 0.5821875000000001 0.46495956875 0.5534375 0.43935310000000005 0.5303125 0.4130727765625 0.5193749999999999 0.39420485156249996 0.515
13 0.3032345015625 0.4765625 0.267520215625 0.4625 0.21495956875000002 0.4525 0.15161724999999998 0.453125 0.111185984375 0.460625 0.08086253437499999 0.47468750000000004 0.059299190625 0.4965625 0.059299190625 0.5196875000000001 0.07412398906249999 0.5353125000000001 0.0929919140625 0.5471874999999999 0.1381401625 0.56125 0.1725067390625 0.5646875 0.17924528281250002 0.5628124999999999 0.18733153593750002 0.5503125 0.20350404375000003 0.5384375 0.22439353125 0.529375 0.2621293796875 0.5181250000000001 0.323450134375 0.5121875 0.3207547171875 0.4915625 0.3032345015625 0.4765625