13 0.643530996875 0.31 0.5923180593749999 0.296875 0.5397574125 0.294375 0.4993261453125 0.29812500000000003 0.46495956875 0.3103125 0.4447439359375 0.3296875 0.4420485171875 0.3509375 0.4487870625 0.3615625 0.463611859375 0.3734375 0.5006738546875 0.38937499999999997 0.5438005390625 0.398125 0.5754716984375 0.3990625 0.601752021875 0.396875 0.6219676546875 0.39187500000000003 0.640161725 0.3853125 0.6576819406250001 0.3740625 0.6711590296875001 0.3615625 0.673854446875 0.35343749999999996 0.66576819375 0.3253125 0.643530996875 0.31
13 0.7216981125 0.349375 0.6853099734375 0.35875 0.6630727765625 0.36906249999999996 0.648247978125 0.3821875 0.641509434375 0.39468749999999997 0.6455525609375 0.4109375 0.65902965 0.4265625 0.6853099734375 0.43875000000000003 0.7365229109375 0.44625000000000004 0.781671159375 0.4459375 0.8227762796875 0.44000000000000006 0.8530997296875 0.42718749999999994 0.8665768187499999 0.41218750000000004 0.8638814015625 0.3978125 0.8194070078125 0.3671875 0.7823450140625 0.353125 0.7594339625 0.34875 0.7216981125 0.349375
13 0.7365229109375 0.448125 0.6947439359375001 0.456875 0.6698113203125 0.46968750000000004 0.6576819406250001 0.48531250000000004 0.6536388140625 0.5103125000000001 0.676549865625 0.5315624999999999 0.7082210250000001 0.541875 0.741913746875 0.5493750000000001 0.778975740625 0.5503125 0.8322102421875 0.5425 0.8665768187499999 0.5278125 0.8854447437499999 0.5071875 0.8814016171875 0.4846875 0.8625336921875 0.4671875 0.8200808625 0.4525 0.7836927218749999 0.446875 0.7365229109375 0.448125
13 0.6785714281249999 0.5337500000000001 0.6246630734374999 0.53 0.5707547171875 0.538125 0.5323450140625 0.5528125 0.5121293796875 0.5703125 0.508086253125 0.5903125 0.5134770890625 0.6078125 0.5229110515625 0.6184375 0.5626684640625 0.63875 0.59097035 0.6443749999999999 0.640161725 0.6453125 0.6893531 0.6425 0.7190026953124999 0.635 0.737196765625 0.6271875 0.762803234375 0.6040625000000001 0.7654986515625 0.5859375 0.746630728125 0.5596875 0.7216981125 0.5475 0.6785714281249999 0.5337500000000001
13 0.4925876015625 0.6131249999999999 0.4548517515625 0.614375 0.42924528281249996 0.620625 0.3652291109375 0.6559375000000001 0.3544474390625 0.6690625 0.35579514843750004 0.6865625 0.37196765468750004 0.7009375 0.40498652343749997 0.7125 0.4487870625 0.7146874999999999 0.468328840625 0.713125 0.4979784359375 0.7056250000000001 0.5336927218749999 0.6890625 0.561994609375 0.6665625000000001 0.56334231875 0.6484375 0.5525606468750001 0.6340625 0.52358490625 0.62 0.4925876015625 0.6131249999999999
13 0.330862534375 0.55 0.2796495953125 0.556875 0.2425876015625 0.5709375 0.21967655000000003 0.5915625 0.21293800468750002 0.6178125 0.227762803125 0.6359375 0.2634770890625 0.6537499999999999 0.2877358484375 0.659375 0.3396226421875 0.6609375 0.3638814015625 0.6565624999999999 0.42991913750000005 0.6178125 0.4420485171875 0.6078125 0.44609164375 0.5940624999999999 0.43665768125 0.5784374999999999 0.407681940625 0.56125 0.3712938 0.5525 0.330862534375 0.55
13 0.1583557953125 0.53 0.12601078125 0.528125 0.08288409687500001 0.534375 0.045822103125 0.5496875 0.0283018875 0.5646875 0.02560646875 0.5796875 0.041778975 0.6015625 0.0613207546875 0.6125 0.09366576875 0.6212500000000001 0.140161725 0.6240625 0.17318059375 0.62 0.20889487812500002 0.6084375 0.22102425937499998 0.5878125 0.23584905625000002 0.5746875 0.23584905625000002 0.5659375 0.22641509375000002 0.5521874999999999 0.197439353125 0.538125 0.1583557953125 0.53
13 0 0.5159374999999999 0.0168463609375 0.525625 0.0357142859375 0.530625 0.051886792187499996 0.533125 0.087601078125 0.5328125 0.1219676546875 0.5275000000000001 0.14959568750000002 0.5153125000000001 0.16576819375000001 0.4996875 0.167115903125 0.4815625 0.15768194062500002 0.4690625 0.12601078125 0.4525 0.0977088953125 0.446875 0.0532345015625 0.44625000000000004 0.023584906250000003 0.45062499999999994 0 0.45843749999999994 0 0.5159374999999999
13 0.15296495937500001 0.34187500000000004 0.111185984375 0.35 0.0673854453125 0.3678125 0.041778975 0.3903125 0.0390835578125 0.40843749999999995 0.04447439375 0.4171875 0.060646900000000004 0.4290625 0.099056603125 0.445625 0.1327493265625 0.453125 0.17924528281250002 0.4534375 0.213611859375 0.449375 0.2520215640625 0.43531250000000005 0.2749326140625 0.4140625 0.28032345 0.3921875 0.2681940703125 0.3696875 0.23382749375 0.350625 0.20148247968750002 0.343125 0.15296495937500001 0.34187500000000004
13 0.3146900265625 0.271875 0.27830188749999996 0.27875 0.2412398921875 0.2965625 0.22371967656249997 0.3128125 0.22237196718750002 0.33218749999999997 0.23315363906250003 0.3484375 0.27830188749999996 0.3725 0.3173854453125 0.38125 0.34905660312500003 0.3821875 0.382075471875 0.379375 0.4177897578125 0.3678125 0.43935310000000005 0.34968750000000004 0.4420485171875 0.3253125 0.4177897578125 0.2946875 0.3928571421875 0.281875 0.3578167109375 0.273125 0.3146900265625 0.271875
13 0.39150943437499997 0.42374999999999996 0.35107816718749996 0.43375 0.31401617187499997 0.4546875 0.29919137500000004 0.47468750000000004 0.30188679218750003 0.4915625 0.31536388125000003 0.5065625 0.3301886796875 0.5159374999999999 0.36455525624999996 0.529375 0.4036388140625 0.540625 0.4319407015625 0.5443749999999999 0.463611859375 0.5446875 0.5181940703125 0.538125 0.5566037734375 0.5234375 0.578167115625 0.5003124999999999 0.57681940625 0.47093749999999995 0.559299190625 0.4515625 0.5087601078125 0.42874999999999996 0.46159029687500003 0.42062499999999997 0.39150943437499997 0.42374999999999996