13 0.36455525624999996 0.52125 0.2823450140625 0.520625 0.2365229109375 0.530625 0.20754717031249997 0.5459375 0.19407008125 0.5634375 0.19407008125 0.5840625 0.2048517515625 0.5965625 0.22641509375000002 0.6109375 0.2634770890625 0.626875 0.30390835625 0.63375 0.3396226421875 0.6346875 0.39150943437499997 0.626875 0.4110512125 0.6128125 0.44339622656250005 0.5978125000000001 0.4501347703125 0.5809375 0.44609164375 0.5590625 0.4353099734375 0.5434375 0.40094339687499997 0.526875 0.36455525624999996 0.52125
13 0.2904312671875 0.4225 0.2601078171875 0.4328125 0.23450134843749998 0.45218749999999996 0.227762803125 0.4721875 0.2318059296875 0.4828125 0.2479784359375 0.5003124999999999 0.2702156328125 0.51 0.3052560640625 0.5175 0.34501347656250003 0.5196875000000001 0.40094339687499997 0.51125 0.42048517500000004 0.5015625 0.43665768125 0.47843749999999996 0.41644204843750005 0.4571875 0.4083557953125 0.43218750000000006 0.3699460921875 0.42000000000000004 0.329514825 0.418125 0.2904312671875 0.4225
13 0.22439353125 0.458125 0.171832884375 0.45187499999999997 0.12601078125 0.453125 0.092318059375 0.45999999999999996 0.060646900000000004 0.47468750000000004 0.045822103125 0.49031250000000004 0.045822103125 0.5128125 0.057951482812499996 0.5265625 0.092318059375 0.54375 0.12601078125 0.551875 0.173854446875 0.5540625 0.197439353125 0.5525 0.23113207500000002 0.531875 0.27358490625 0.5190625 0.2749326140625 0.5140625 0.2506738546875 0.5028125 0.238544475 0.4928125 0.227762803125 0.4771875 0.22439353125 0.458125
13 0.19609164375000002 0.365 0.170485175 0.37 0.140161725 0.38156249999999997 0.11185983749999999 0.40531249999999996 0.1078167109375 0.4328125 0.11185983749999999 0.4415625 0.127358490625 0.4525 0.1772237203125 0.45187499999999997 0.22237196718750002 0.4565625 0.2291105125 0.4559375 0.2425876015625 0.44281249999999994 0.26954177968750004 0.4259375 0.2506738546875 0.4103125 0.23989218281250002 0.3953125 0.238544475 0.36531250000000004 0.2190026953125 0.36375 0.19609164375000002 0.365
13 0.23989218281250002 0.3646875 0.238544475 0.3859375 0.24663072812500003 0.4046875 0.2654986515625 0.42281250000000004 0.2729110515625 0.425625 0.3066037734375 0.42000000000000004 0.347035040625 0.4175 0.372641509375 0.42000000000000004 0.4083557953125 0.4296875 0.431266846875 0.4021875 0.4690026953125 0.3828125 0.4487870625 0.3596875 0.40094339687499997 0.340625 0.3685983828125 0.33625 0.3160377359375 0.338125 0.2634770890625 0.349375 0.23989218281250002 0.3646875
13 0.261455525 0.3446875 0.2634770890625 0.349375 0.3106469 0.33875 0.3672506734375 0.33625 0.4036388140625 0.34125 0.4400269546875 0.355 0.4487870625 0.35531250000000003 0.4487870625 0.3253125 0.4225067390625 0.313125 0.398247978125 0.309375 0.3712938 0.31124999999999997 0.3497304578125 0.3175 0.2904312671875 0.32625000000000004 0.27358490625 0.3334375 0.261455525 0.3446875
13 0.4898921828125 0.303125 0.4676549859375 0.3128125 0.4514824796875 0.3278125 0.4501347703125 0.3546875 0.47169811250000004 0.3753125 0.4818059296875 0.38 0.52358490625 0.375 0.57479784375 0.375625 0.62398921875 0.3834375 0.6745283015625 0.365625 0.683288409375 0.3565625 0.683288409375 0.33781249999999996 0.6617250671875 0.3128125 0.6192722374999999 0.2975 0.5774932609375 0.2925 0.5330188671875 0.29500000000000004 0.4898921828125 0.303125
13 0.57479784375 0.375625 0.5208894875000001 0.375 0.4804582203125 0.38125 0.4326145546875 0.4021875 0.4150943390625 0.42093749999999996 0.41239892187500005 0.4415625 0.4177897578125 0.4571875 0.43733153593749996 0.476875 0.46024258749999997 0.48562500000000003 0.4925876015625 0.4925 0.5471698109375 0.4971875 0.5963611859375 0.491875 0.6192722374999999 0.484375 0.640161725 0.4734375 0.6711590296875001 0.4403125 0.6725067390625 0.42406249999999995 0.6576819406250001 0.40406250000000005 0.62601078125 0.38687499999999997 0.57479784375 0.375625
13 0.5963611859375 0.496875 0.573450134375 0.49625 0.528975740625 0.50125 0.481132075 0.5178125 0.458221025 0.5403125 0.45552560625 0.5609375 0.47169811250000004 0.5796875 0.5060646906249999 0.594375 0.5518867921874999 0.60375 0.5835579515625 0.6046875 0.6233153640625 0.599375 0.65902965 0.5859375 0.6819407015625 0.5678124999999999 0.6846361187500001 0.5484375 0.67520215625 0.5315624999999999 0.6549865234375 0.5165625 0.61657681875 0.500625 0.5963611859375 0.496875
13 0.4723719671875 0.595625 0.43598382812500003 0.6025 0.40296495937500004 0.6209374999999999 0.3894878703125 0.6403125000000001 0.3894878703125 0.6584375 0.40431266875 0.6753125 0.43733153593749996 0.689375 0.46563342343749997 0.694375 0.518867925 0.6953125 0.5518867921874999 0.6900000000000001 0.5849056609375001 0.6740625 0.5997304578125 0.6546875 0.5983827500000001 0.6334375 0.579514825 0.6146874999999999 0.5586253375 0.605 0.5087601078125 0.595625 0.4723719671875 0.595625
13 0.690700809375 0.569375 0.6792452828125 0.5721875 0.667115903125 0.5821875000000001 0.6421832890625 0.59375 0.606469003125 0.6046875 0.5983827500000001 0.6278125 0.615902965625 0.6478125 0.64487870625 0.6637500000000001 0.6799191375 0.6725 0.721024259375 0.6734375 0.7621293796875 0.6681250000000001 0.79649595625 0.6578125 0.8207547171874999 0.6390625 0.826145553125 0.6159375 0.8045822109375 0.5909375 0.776954178125 0.57625 0.7405660375 0.569375 0.690700809375 0.569375
13 0.8025606468750001 0.468125 0.7796495953125 0.46624999999999994 0.7351752015625 0.47062499999999996 0.6873315359375 0.4884375 0.66576819375 0.5096875 0.6630727765625 0.5190625 0.6819407015625 0.5396875 0.6873315359375 0.5553125 0.71495956875 0.5662499999999999 0.7553908359375 0.5706249999999999 0.7917789749999999 0.5806250000000001 0.8221024265624999 0.5815625 0.8429919140625 0.58 0.8632075468749999 0.575 0.9002695421875 0.5565625 0.9137466312500001 0.5328125 0.9056603781250001 0.5128125 0.8787062000000001 0.49343750000000003 0.8402964953125001 0.47625 0.8025606468750001 0.468125
13 1 0.4453125 0.9629380046874999 0.425 0.942722371875 0.41937499999999994 0.9117250671875 0.415625 0.8712937999999999 0.41624999999999995 0.8369272234375 0.4246875 0.8274932609375 0.4415625 0.79649595625 0.4615625 0.8079514828125 0.46875 0.8497304578125 0.47874999999999995 0.9036388140625 0.50875 0.9326145546875001 0.5109375 0.96967655 0.50625 1 0.49406249999999996 1 0.4453125
13 0.6987870625 0.3625 0.6758760109375 0.365625 0.6516172499999999 0.37374999999999997 0.6293800546874999 0.38406250000000003 0.6293800546874999 0.3878125 0.6576819406250001 0.4034375 0.6698113203125 0.4178125 0.6711590296875001 0.43968749999999995 0.6549865234375 0.4603125 0.6947439359375001 0.469375 0.7345013484375 0.46968750000000004 0.7729110515625 0.465 0.8207547171874999 0.4459375 0.83423180625 0.4290625 0.83423180625 0.41156249999999994 0.8140161718750001 0.3909375 0.776954178125 0.37312500000000004 0.7405660375 0.36312500000000003 0.6987870625 0.3625
13 0.7553908359375 0.338125 0.7270889484375 0.34125 0.6873315359375 0.35281250000000003 0.6819407015625 0.3603125 0.6853099734375 0.36375 0.7351752015625 0.3625 0.7540431265625 0.365625 0.7783018875 0.37374999999999997 0.8194070078125 0.39468749999999997 0.8396226421874999 0.4215625 0.8780323453125 0.415625 0.884097034375 0.40843749999999995 0.884097034375 0.39468749999999997 0.8746630734374999 0.3721875 0.861185984375 0.3596875 0.8429919140625 0.350625 0.8052560640624999 0.34125 0.7553908359375 0.338125