13 0.6974393531249999 0.40062499999999995 0.6583557953125 0.40499999999999997 0.6138814015625 0.416875 0.5849056609375001 0.43156249999999996 0.5700808625 0.4496875 0.5714285718750001 0.47468750000000004 0.6037735843750001 0.5046875 0.643530996875 0.5175 0.692722371875 0.5215625 0.7432614562500001 0.516875 0.7729110515625 0.5075000000000001 0.7857142859375 0.4996875 0.7951482484375 0.4815625 0.7897574125 0.43218750000000006 0.7762803234375 0.41656250000000006 0.741913746875 0.40437500000000004 0.6974393531249999 0.40062499999999995
13 0.6610512125 0.2975 0.64487870625 0.29562499999999997 0.5869272234375 0.2975 0.5370619953125 0.308125 0.501347709375 0.32406250000000003 0.48787062031249995 0.3390625 0.48382749374999995 0.36906249999999996 0.5026954171875 0.3896875 0.531671159375 0.405625 0.5532345015625 0.4125 0.57479784375 0.41624999999999995 0.6078167109375 0.41656250000000006 0.6650943390624999 0.403125 0.6893531 0.40062499999999995 0.7250673859375001 0.3759375 0.7331536390625 0.3628125 0.7331536390625 0.3415625 0.7142857140625 0.3203125 0.6839622640624999 0.304375 0.6610512125 0.2975
13 0.4386792453125 0.30375 0.407681940625 0.296875 0.3685983828125 0.29500000000000004 0.330862534375 0.3025 0.3099730453125 0.3121875 0.2924528296875 0.33718750000000003 0.28571428593750003 0.36531250000000004 0.29919137500000004 0.37906249999999997 0.3146900265625 0.38625 0.32614555312500004 0.3871875 0.3969002703125 0.38 0.42520215625 0.380625 0.44946091718750003 0.384375 0.4690026953125 0.3753125 0.48382749374999995 0.3609375 0.4865229109375 0.3384375 0.47169811250000004 0.3196875 0.4386792453125 0.30375
13 0.4400269546875 0.383125 0.39150943437499997 0.380625 0.3497304578125 0.38375 0.3079514828125 0.393125 0.27223719687500003 0.41593749999999996 0.2681940703125 0.4378125 0.27088948749999997 0.4515625 0.281671159375 0.4671875 0.29919137500000004 0.4796875 0.365902965625 0.5 0.4083557953125 0.5040625000000001 0.45350404375000003 0.500625 0.47776280312499997 0.49437499999999995 0.5053908359375 0.4828125 0.524258759375 0.4653125 0.5296495953125 0.4421875 0.51617250625 0.41531250000000003 0.4831536390625 0.39437500000000003 0.4400269546875 0.383125
13 0.5195417796874999 0.48187499999999994 0.5074123984375001 0.48250000000000004 0.4831536390625 0.49312500000000004 0.45754717031250003 0.5 0.40498652343749997 0.505625 0.38544474375000004 0.5334375 0.3881401625 0.5528125 0.39892183281250004 0.5634375 0.41442048593749997 0.5706249999999999 0.4548517515625 0.58375 0.4898921828125 0.588125 0.5134770890625 0.5878125 0.5586253375 0.5806250000000001 0.5997304578125 0.5621875000000001 0.6091644203125 0.5534375 0.6185983828125 0.5340625 0.6118598375000001 0.5103125000000001 0.5916442046875 0.4965625 0.55592991875 0.485 0.5195417796874999 0.48187499999999994
13 0.6664420484375 0.52125 0.617924528125 0.5118750000000001 0.61455525625 0.5140625 0.6199460921875 0.5340625 0.606469003125 0.5571875000000001 0.580862534375 0.5721875 0.5397574125 0.5856250000000001 0.536388140625 0.5896874999999999 0.545822103125 0.6003125 0.5694070078125 0.6118750000000001 0.609838275 0.62 0.6455525609375 0.6209374999999999 0.7001347703125 0.618125 0.7446091640625 0.60625 0.762803234375 0.5959375 0.778975740625 0.5809375 0.7830188671875 0.5578125 0.7695417796874999 0.5378125 0.7351752015625 0.520625 0.6664420484375 0.52125
13 0.7783018875 0.415625 0.791105121875 0.4334375 0.7938005390625 0.4890625 0.7762803234375 0.5053124999999999 0.74528301875 0.5178125 0.76617250625 0.52125 0.7951482484375 0.5209374999999999 0.8497304578125 0.5125 0.87601078125 0.5015625 0.896226415625 0.48531250000000004 0.9016172499999999 0.46781249999999996 0.8894878703125 0.44406249999999997 0.8632075468749999 0.429375 0.8200808625 0.4175 0.7783018875 0.415625
13 0.7917789749999999 0.31 0.7540431265625 0.3125 0.721024259375 0.32156250000000003 0.71967655 0.3259375 0.7331536390625 0.3403125 0.7345013484375 0.3603125 0.72641509375 0.3753125 0.7021563343749999 0.39718749999999997 0.7095687328125 0.40062499999999995 0.7446091640625 0.40437500000000004 0.7783018875 0.41500000000000004 0.8180592984375 0.4146875 0.8524258765624999 0.409375 0.8800539078125 0.3990625 0.8975741234375001 0.3828125 0.8975741234375001 0.3703125 0.8679245281249999 0.33781249999999996 0.8322102421875 0.316875 0.81334231875 0.311875 0.7917789749999999 0.31
13 0.727762803125 0.30656249999999996 0.7318059296875 0.2946875 0.7291105124999999 0.2796875 0.71967655 0.2659375 0.688005390625 0.24874999999999997 0.6408355796875 0.23937499999999998 0.5896226421875 0.236875 0.5438005390625 0.241875 0.5094339625 0.2571875 0.491913746875 0.2790625 0.48787062031249995 0.3103125 0.49123989218749997 0.316875 0.4993261453125 0.31375000000000003 0.508086253125 0.31843750000000004 0.53032345 0.309375 0.5694070078125 0.3 0.6219676546875 0.29562499999999997 0.66374663125 0.29812500000000003 0.6947439359375001 0.30874999999999997 0.7109164421874999 0.318125 0.7176549859375 0.316875 0.727762803125 0.30656249999999996
13 0.3160377359375 0.22374999999999998 0.28571428593750003 0.2396875 0.2681940703125 0.25593750000000004 0.26684636093749997 0.2821875 0.28301886718749997 0.2984375 0.3052560640625 0.309375 0.31334231875 0.309375 0.356469003125 0.29562499999999997 0.39420485156249996 0.29500000000000004 0.4305929921875 0.30125 0.46024258749999997 0.31124999999999997 0.47439353124999994 0.3115625 0.4865229109375 0.2978125 0.491913746875 0.26968749999999997 0.47978436718750006 0.24906250000000002 0.4595687328125 0.2321875 0.4305929921875 0.220625 0.3955525609375 0.21437499999999998 0.347035040625 0.215625 0.3160377359375 0.22374999999999998
13 0.25673854375 0.29375 0.23113207500000002 0.29 0.1920485171875 0.289375 0.16374663125 0.29312499999999997 0.11792452812500001 0.309375 0.10242587656249999 0.3178125 0.0822102421875 0.3390625 0.08086253437499999 0.3596875 0.09568733125 0.3759375 0.1408355796875 0.396875 0.169137465625 0.40374999999999994 0.2318059296875 0.40406250000000005 0.268867925 0.39875 0.2951482484375 0.3871875 0.30188679218750003 0.38093750000000004 0.2843665765625 0.36593749999999997 0.2843665765625 0.3559375 0.3032345015625 0.3128125 0.2729110515625 0.29812500000000003 0.25673854375 0.29375
13 0.1758760109375 0.40437500000000004 0.1327493265625 0.41312499999999996 0.10242587656249999 0.4253125 0.0902964953125 0.4378125 0.0849056609375 0.4640625 0.097035040625 0.47906250000000006 0.1219676546875 0.4925 0.14353099687499998 0.5 0.181266846875 0.50625 0.2156334234375 0.5065625 0.25673854375 0.500625 0.2809973046875 0.49312500000000004 0.30188679218750003 0.48218750000000005 0.278975740625 0.4646875 0.27088948749999997 0.4528125 0.27088948749999997 0.41593749999999996 0.22574124062499998 0.405625 0.1758760109375 0.40437500000000004
13 0.2351752015625 0.51375 0.200808625 0.5321875 0.183288409375 0.5584374999999999 0.185983828125 0.5734375 0.20889487812500002 0.5946875 0.2459568734375 0.60875 0.267520215625 0.6125 0.3032345015625 0.6140625 0.33625336875 0.610625 0.405660378125 0.5696875 0.38544474375000004 0.5496875 0.3881401625 0.5165625 0.356469003125 0.50625 0.32681940625 0.5025000000000001 0.2729110515625 0.505 0.2351752015625 0.51375
13 0.46698113281250003 0.5862499999999999 0.41981132031249996 0.575 0.35512129375 0.600625 0.33557951406250003 0.6121875 0.32884097031250004 0.6215625 0.32884097031250004 0.6340625 0.3463611859375 0.6534375 0.3861185984375 0.66625 0.42587601093750005 0.6678124999999999 0.4481132078125 0.66625 0.4791105125 0.658125 0.536388140625 0.6321875 0.5471698109375 0.6109375 0.5444743937500001 0.6003125 0.531671159375 0.588125 0.4979784359375 0.58875 0.46698113281250003 0.5862499999999999
13 0.1078167109375 0.4859375 0.0882749328125 0.4725 0.0801886796875 0.471875 0.0397574125 0.48187499999999994 0.0148247984375 0.49468750000000006 0.0026954171874999998 0.5090625 0.0026954171874999998 0.5234375 0.017520215625 0.5421875 0.041105121875 0.555625 0.0855795140625 0.5650000000000001 0.12129380000000001 0.5659375 0.1502695421875 0.563125 0.183288409375 0.5540625 0.19272237187500002 0.5390625 0.218328840625 0.5190625 0.2156334234375 0.5084375 0.1677897578125 0.505 0.1408355796875 0.499375 0.1078167109375 0.4859375
13 0 0.4609375 0.0330188671875 0.46749999999999997 0.06334231875 0.46781249999999996 0.0835579515625 0.4653125 0.0889487875 0.4390625 0.1010781671875 0.4253125 0.1394878703125 0.41125 0.1442048515625 0.4065625 0.1293800546875 0.3953125 0.099056603125 0.384375 0.0613207546875 0.378125 0.027628032812499998 0.378125 0 0.38406250000000003 0 0.4609375