13 0.6745283015625 0.26749999999999996 0.6475741234375 0.2625 0.6138814015625 0.26 0.5545822109375 0.263125 0.5168463609375 0.27 0.488544475 0.27999999999999997 0.45552560625 0.30343749999999997 0.44743935312499994 0.3128125 0.44339622656250005 0.3296875 0.45283018906250005 0.3584375 0.47169811250000004 0.3753125 0.5330188671875 0.40437500000000004 0.5896226421875 0.41375 0.6293800546874999 0.4140625 0.6853099734375 0.40625 0.71495956875 0.396875 0.7439353093750001 0.38093750000000004 0.7601078171875 0.3609375 0.7601078171875 0.3440625 0.74528301875 0.3109375 0.71967655 0.28531249999999997 0.6745283015625 0.26749999999999996
13 0.5390835578125001 0.42718749999999994 0.5215633421875 0.4015625 0.5053908359375 0.3903125 0.4831536390625 0.380625 0.4400269546875 0.368125 0.3807277625 0.364375 0.328167115625 0.37374999999999997 0.281671159375 0.3915625 0.262803234375 0.4059375 0.25606469062500004 0.41593749999999996 0.2520215640625 0.44343750000000004 0.26684636093749997 0.4728125 0.3012129375 0.49124999999999996 0.344339621875 0.505625 0.3712938 0.50875 0.405660378125 0.5084375 0.4386792453125 0.50625 0.4831536390625 0.495 0.4959568734375 0.4884375 0.5026954171875 0.48218750000000005 0.49326145625000006 0.47843749999999996 0.526954178125 0.4684375 0.5377358484375 0.4490625 0.5390835578125001 0.42718749999999994
13 0.9137466312500001 0.42718749999999994 0.8632075468749999 0.405625 0.80390835625 0.395 0.7297843671875001 0.39437500000000003 0.6839622640624999 0.40750000000000003 0.6603773578125 0.42093749999999996 0.6361185984375 0.4459375 0.63342318125 0.46968750000000004 0.65633423125 0.4965625 0.6758760109375 0.50875 0.6987870625 0.5175 0.7297843671875001 0.524375 0.7749326140624999 0.5271874999999999 0.8483827500000001 0.52125 0.8685983828125 0.516875 0.8894878703125 0.5084375 0.9285714281249999 0.4803125 0.9353099734375 0.46218750000000003 0.9339622640625 0.4490625 0.9272237203125 0.4371875 0.9137466312500001 0.42718749999999994
13 0.8578167109375 0.5225 0.8092991906250001 0.5237499999999999 0.7634770890625 0.531875 0.7223719671875 0.5509375000000001 0.7075471703125 0.5646875 0.70350404375 0.5765625 0.7048517515625 0.5996875 0.7318059296875 0.6271875 0.7823450140625 0.649375 0.811994609375 0.655625 0.826145553125 0.6553125 0.888814015625 0.6475 0.9494609171875 0.635 0.9716981125 0.6209374999999999 0.9878706203125001 0.5978125000000001 0.9851752015624999 0.5709375 0.958221025 0.5465625000000001 0.9225067390625 0.5325 0.8578167109375 0.5225
13 0.6462264156249999 0.51 0.59097035 0.49375 0.5357142859375 0.489375 0.487196765625 0.495625 0.4211590296875 0.510625 0.40094339687499997 0.51625 0.3746630734375 0.5284375 0.351752021875 0.5471874999999999 0.34501347656250003 0.5803125 0.3706199453125 0.6121875 0.417115903125 0.634375 0.468328840625 0.64625 0.5498652296875 0.6490625 0.6138814015625 0.641875 0.643530996875 0.63375 0.6711590296875001 0.6209374999999999 0.6981132078125001 0.5953125 0.7021563343749999 0.5584374999999999 0.6981132078125001 0.5459375 0.6846361187500001 0.5309375000000001 0.6462264156249999 0.51
13 0.268867925 0.479375 0.223045821875 0.4725 0.18665768124999998 0.471875 0.1421832890625 0.475 0.0774932609375 0.49124999999999996 0.037735848437500004 0.5103125000000001 0.0229110515625 0.5246875 0.0148247984375 0.5415625000000001 0.018867925 0.5684375 0.030997304687499998 0.5834374999999999 0.0424528296875 0.5900000000000001 0.11522911093749999 0.61125 0.1597035046875 0.6212500000000001 0.1913746625 0.6221875 0.24460916406250002 0.61625 0.2971698109375 0.6012500000000001 0.3207547171875 0.5890625 0.3369272234375 0.5759375 0.3463611859375 0.5540625 0.34905660312500003 0.5328125 0.33423180625 0.5071875 0.268867925 0.479375
13 0.384097034375 0.3434375 0.3571428578125 0.3271875 0.3200808625 0.31062500000000004 0.28504043125 0.301875 0.2297843671875 0.29812500000000003 0.178571428125 0.304375 0.11792452812500001 0.323125 0.094339621875 0.33718750000000003 0.0835579515625 0.3603125 0.087601078125 0.3765625 0.10377358437499999 0.3896875 0.1799191375 0.421875 0.2190026953125 0.434375 0.243935309375 0.4371875 0.2506738546875 0.4340625 0.2601078171875 0.40843749999999995 0.2897574125 0.3871875 0.3335579515625 0.3725 0.365902965625 0.365625 0.398247978125 0.36375 0.4002695421875 0.3596875 0.384097034375 0.3434375
13 0.53504043125 0.23343750000000002 0.49123989218749997 0.216875 0.45215633437499997 0.21000000000000002 0.40633423124999996 0.20875 0.365902965625 0.21437499999999998 0.30188679218750003 0.2384375 0.278975740625 0.25906250000000003 0.27223719687500003 0.2828125 0.281671159375 0.3003125 0.328167115625 0.313125 0.382075471875 0.340625 0.40498652343749997 0.34375 0.4353099734375 0.3440625 0.44339622656250005 0.3421875 0.4447439359375 0.3171875 0.463611859375 0.2953125 0.481132075 0.2834375 0.512803234375 0.270625 0.55592991875 0.263125 0.5606469 0.2553125 0.53504043125 0.23343750000000002
13 1 0.3746875 0.989218328125 0.3671875 0.9494609171875 0.350625 0.8874663078125 0.34125 0.8497304578125 0.34249999999999997 0.8092991906250001 0.348125 0.76617250625 0.361875 0.7331536390625 0.3928125 0.8012129375000001 0.39437500000000003 0.8564690031250001 0.40374999999999994 0.902964959375 0.42093749999999996 0.9245283015625001 0.4340625 0.9353099734375 0.44781250000000006 0.9420485171875 0.4490625 1 0.4453125 1 0.3746875
13 1 0.3196875 0.9851752015624999 0.30656249999999996 0.961590296875 0.29562499999999997 0.91576819375 0.284375 0.8793800546874999 0.280625 0.8483827500000001 0.28250000000000003 0.8126684640624999 0.29093749999999996 0.8221024265624999 0.3071875 0.823450134375 0.32218749999999996 0.8066037734375 0.34750000000000003 0.8685983828125 0.340625 0.8915094343750001 0.34125 0.9494609171875 0.35 0.9824797843749999 0.3628125 1 0.3509375 1 0.3196875
13 0.20619946093750002 0.43156249999999996 0.0869272234375 0.384375 0.027628032812499998 0.384375 0.0087601078125 0.388125 0.0053908359375 0.3921875 0.0053908359375 0.5121875 0.008086253125 0.5178125 0.018867925 0.5190625 0.0283018875 0.5165625 0.055929918749999995 0.49874999999999997 0.1125336921875 0.48 0.16509433906249998 0.471875 0.2095687328125 0.47125000000000006 0.2156334234375 0.46781249999999996 0.21698113281250003 0.44781250000000006 0.20619946093750002 0.43156249999999996