1 0.1465037765625 0.4365389140625 0.158378690625 0.34510561875 0.183955315625 0.26098698593749997 0.2241472984375 0.2170990046875 0.2524642828125 0.1719919296875 0.2478970453125 0.117131953125 0.236210490625 0.11757222187500001 0.171167003125 0.13907594375000001 0.1236674265625 0.201250584375 0.08164865 0.29268388125 0.0487643453125 0.44751090937500004 0.0085723625 0.5474779609375 0.068860253125 0.586489575 0.128234746875 0.4974944625 0.1465037765625 0.4365389140625
2 0.23346916874999998 0.0079193703125 0.17482084375 0.0720248234375 0.13371546406249998 0.096407053125 0.1428499359375 0.1378567953125 0.18121495781250002 0.13907594375000001 0.22232033750000002 0.1134746203125 0.25520464062500003 0.056176403124999996 0.2597719609375 0.0110693015625 0.23346916874999998 0.0079193703125
2 0.24266755468749998 0.190744834375 0.23766838437499999 0.21608545937499998 0.2886599015625 0.1840762546875 0.3366519640625 0.109388175 0.40274997656249995 0.052000001562499995 0.36764680312500003 0.028031478125 0.24266755468749998 0.190744834375
2 0.2806612765625 0.136062496875 0.3196548171875 0.136062496875 0.35664864375 0.114723034375 0.2527499765625 0.05866666875 0.2396680984375 0.109388175 0.2806612765625 0.136062496875
3 0.7115897875 0.3841336890625 0.698591915625 0.3507907875 0.7125895296875 0.26943407656249996 0.7175887000000001 0.2267552296875 0.6555990234375 0.1107218703125 0.5916096328125 0.05870695 0.4989999765625 0.035333334375 0.43563554531250004 0.068042971875 0.389643196875 0.186743746875 0.38364413124999996 0.25609691562500003 0.41063969531250005 0.3681290859375 0.47762854218750006 0.461489209375 0.5906098140625 0.46415665156249997 0.69259285 0.425478865625 0.7115897875 0.3841336890625
6 0.9035578828125 0.22142031874999998 0.8527499765625001 0.25366666875 0.828570334375 0.3001095875 0.8275704390625 0.3507907875 0.9115565859375 0.4441509109375 0.9515499453125 0.421477728125 0.9775455375 0.39747084843749997 0.97254636875 0.3001095875 0.9335529031249999 0.2360912 0.9035578828125 0.22142031874999998
8 0.3458961 0.12272533593749999 0.33899999687500004 0.130333334375 0.3009022875 0.154734515625 0.2849044265625 0.20408199531250001 0.3049016765625 0.25876435937500003 0.35489480156250003 0.252095778125 0.3818911359375 0.21608545937499998 0.38789029531249997 0.1640705390625 0.36589335156249997 0.13206133281250002 0.3458961 0.12272533593749999
8 0.7078463 0.4708252328125 0.67985011875 0.5361772890625 0.7258438546875 0.5775225171875 0.778836521875 0.554849334375 0.7958341546875001 0.518838990625 0.7818361406250001 0.473492675 0.7489999968750001 0.45700000156250004 0.7078463 0.4708252328125
8 0.2909036625 0.26810038125 0.243999996875 0.24033333437499999 0.22991198750000003 0.24009238906250002 0.21091466093750003 0.2614318015625 0.20891489062500002 0.3121130015625 0.24490992656250002 0.35745936718750004 0.2889038921875 0.354791925 0.3089011421875 0.313446746875 0.2909036625 0.26810038125
8 0.153922453125 0.6215352390625 0.125249996875 0.62366666875 0.0879315421875 0.648209559375 0.06693440625 0.7268986749999999 0.089931275 0.7909170859375 0.15092291093750002 0.7882496953125 0.1819186328125 0.749571909375 0.19791641875 0.6988906578125 0.17491954999999998 0.645542015625 0.153922453125 0.6215352390625
8 0.2989025171875 0.518838990625 0.243999996875 0.5170000015625 0.22291298125 0.53484359375 0.21291435625 0.58285735 0.218913515625 0.6348723984375 0.26290748124999996 0.6575454796875 0.311900759375 0.6215352390625 0.3228992328125 0.562851609375 0.2989025171875 0.518838990625
8 0.433999996875 0.605333334375 0.3958892265625 0.61086541875 0.379891365625 0.6788849171875 0.39288960781250004 0.7455707203124999 0.429884490625 0.7855822015625 0.47287860937500004 0.7655764609375 0.4868767 0.7055592390625 0.4718787625 0.649543153125 0.433999996875 0.605333334375
8 0.6468547015625 0.7242312828124999 0.613999996875 0.685333334375 0.5678655484374999 0.66554775625 0.5198721171875 0.702891846875 0.5168725750000001 0.746904415625 0.5318705125000001 0.786915896875 0.575864478125 0.8175914078125001 0.6198583671875 0.8202587984375 0.6538537078125 0.7735787359375 0.6468547015625 0.7242312828124999
8 0.49387570625 0.5201727359375 0.455249996875 0.48533333437500004 0.4268849484375 0.48949722656250005 0.4078875453125 0.5295087078125 0.40388808125000003 0.58152375625 0.43388395625 0.602863090625 0.46787929687499996 0.6121991140625 0.500874790625 0.5761887703124999 0.49387570625 0.5201727359375
9 0.893999996875 0.845333334375 0.8558259046875 0.86027028125 0.8248302593749999 0.9229549968749999 0.8258300296875 0.9963093796875 0.9718100171874999 1 0.9768093296875 0.9282898812499999 0.9468134546875 0.861604078125 0.893999996875 0.845333334375
4 0.7218443890625 0.58285735 0.68984874375 0.5535156375 0.641499996875 0.5370000015625 0.5918622625000001 0.54284586875 0.5698652421875 0.5961945109375 0.5728648609375 0.6628803140625 0.6478545484375 0.70822673125 0.66485218125 0.7268986749999999 0.7128456125 0.7148953109375 0.7318430140625 0.6602129234375 0.7218443890625 0.58285735
4 0.3388970171875 0.48949722656250005 0.3838908296875 0.4334811921875 0.3738922046875 0.4121417046875 0.33289785781250003 0.4494857453125 0.3448961765625 0.410808009375 0.3079012953125 0.38013255 0.25390870312499997 0.3641279484375 0.20491542499999998 0.405473125 0.1949168 0.46682409375 0.233911453125 0.5255075703125 0.291903509375 0.508169271875 0.3129006078125 0.53217615 0.3398968640625 0.518838990625 0.3388970171875 0.48949722656250005
13 0.327749996875 0.25866666875 0.306901446875 0.298775840625 0.2999023640625 0.3641279484375 0.3418966359375 0.40413942968749994 0.374892053125 0.3934697109375 0.3958892265625 0.34412220625 0.3818911359375 0.277436403125 0.327749996875 0.25866666875
13 0.743999996875 0.27200000156250004 0.7118457640625 0.3001095875 0.7018471390625 0.3481233453125 0.71484530625 0.374797665625 0.7318430140625 0.4014719875 0.7668382031250001 0.3814662453125 0.773837209375 0.292107259375 0.743999996875 0.27200000156250004
13 0.705249996875 0.19866666875 0.7168450765625 0.2360912 0.72484393125 0.2667666859375 0.75583973125 0.277436403125 0.758839271875 0.2454271984375 0.753839959375 0.2094168796875 0.71984461875 0.1840762546875 0.705249996875 0.19866666875
14 0.798833771875 0.7108941234375 0.7489999968750001 0.6970000015625 0.6758507296875 0.76957765 0.693848209375 0.85626919375 0.728843396875 0.908284140625 0.799833696875 0.9176201125000001 0.8358286546875 0.8536016999999999 0.8418278906250001 0.804254246875 0.798833771875 0.7108941234375
14 0.527871046875 0.94029324375 0.5218718875 0.992308190625 0.6908486671875 1 0.697847675 0.9643001734375 0.6378559234375001 0.9016155593749999 0.565249996875 0.8903333343750001 0.527871046875 0.94029324375
7 0.4158864765625 0.7802473171875 0.3708926640625 0.7188963984375001 0.3858906015625 0.5975282578125001 0.39888876875 0.5948609171875 0.4028882328125 0.561518015625 0.43588372656249996 0.45615432499999997 0.393999996875 0.410333334375 0.3348975515625 0.5308424546875 0.3099009890625 0.692222078125 0.27790541874999997 0.8949469796875 0.315900225 0.9989767703125001 0.3458961 0.997643075 0.3868904484375 0.9576315937500001 0.41388670625 0.87094005 0.4158864765625 0.7802473171875
7 0.53886951875 0.814924015625 0.510873415625 0.7749125343750001 0.507873796875 0.72956616875 0.556867075 0.66554775625 0.560866540625 0.6001957 0.512749996875 0.54366666875 0.474878303125 0.64020718125 0.495875478125 0.7015581515625 0.47887776875 0.7655764609375 0.44888189375 0.7855822015625 0.38789029531249997 0.9949756843750001 0.4708789140625 0.997643075 0.53886951875 0.814924015625
1 0.24024999687499998 0.6570000015625 0.19391695312499999 0.7042255421875 0.17291985625 0.7815811140625 0.144923675 0.8629377734375 0.10692890625 0.9989767703125001 0.22391282812500002 1 0.2699064890625 0.8415983375 0.3039018296875 0.645542015625 0.24024999687499998 0.6570000015625
5 0.8448275093750001 0.865605165625 0.8718237671875 0.8469331203125 0.872823690625 0.8069216390625 0.8828223156250001 0.744237025 0.9018196421875 0.7255649796875 0.9058190312500001 0.688220990625 0.90081971875 0.6282038187500001 0.8778230031250001 0.620201440625 0.8528264390625001 0.6348723984375 0.8688241484375 0.676217475 0.798999996875 0.585333334375 0.7528401125 0.630871159375 0.7698378203125 0.666881503125 0.806832703125 0.717562703125 0.8378285015625 0.76957765 0.8488268984375 0.8229262921875 0.8318292656249999 0.8576028890625 0.8448275093750001 0.865605165625
5 0.915249996875 0.490333334375 0.917817503125 0.501500690625 0.9068189546875001 0.5281750125 0.9288158984375 0.548180753125 0.9518127671875 0.5495144484375001 1 0.47882750781250005 0.9998061984375 0.432147446875 0.915249996875 0.490333334375
5 1 0.2654329390625 0.9368148296875001 0.185409975 0.9127499968749999 0.19866666875 0.9638110875000001 0.27210151875 0.9838083375 0.35745936718750004 1 0.3721302234375 1 0.2654329390625
5 0.788999996875 0.300333334375 0.7778367515625 0.304110725 0.7718375156249999 0.3721302234375 0.75583973125 0.41614284375 0.7758369046875 0.41747659062500003 0.8018333906249999 0.425478865625 0.8088323984375 0.313446746875 0.788999996875 0.300333334375
5 0.853999996875 0.41866666874999997 0.834828884375 0.41747659062500003 0.8218306406250001 0.46415665156249997 0.799833696875 0.5148378515625 0.7948343828125 0.5495144484375001 0.8308293421874999 0.554849334375 0.8518265156249999 0.49216466875 0.853999996875 0.41866666874999997
11 0.53886951875 0.561518015625 0.5618663875000001 0.6041968375 0.5668656999999999 0.5895259312500001 0.552867609375 0.5721876328125 0.5548673046875 0.5535156375 0.5198721171875 0.48549608906249997 0.502749996875 0.495333334375 0.53886951875 0.561518015625
11 0.8918210171875 0.0200291890625 0.8668244546875 0.0880487140625 0.8488268984375 0.12806019531249999 0.8248302593749999 0.12672647343750001 0.829829571875 0.134728775 0.8718237671875 0.1373962171875 0.8868217046875 0.11205559218750001 0.8918210171875 0.0200291890625
11 0.7408417921875 0.0200291890625 0.723844084375 0.032032628125000004 0.71484530625 0.089382434375 0.72984324375 0.100052153125 0.753839959375 0.03336635 0.7489999968750001 0 0.7408417921875 0.0200291890625
11 0.6678517984375001 0.09204985156249999 0.6508541671875 0.0960510140625 0.70484668125 0.14539849375 0.717844925 0.1387299140625 0.6678517984375001 0.09204985156249999
10 0.63985561875 0.08538127031250001 0.65985286875 0.08538127031250001 0.6958479796875 0.1080544546875 0.7008472921875 0.0827138546875 0.66485218125 0.044036068750000004 0.622749996875 0.06866666875 0.63985561875 0.08538127031250001
10 0.804833009375 0.068042971875 0.743999996875 0.07866666875 0.7348425562500001 0.1080544546875 0.75983911875 0.1027195953125 0.7708375921874999 0.10405329062499999 0.7908348421875 0.125392753125 0.806832703125 0.11872417187499999 0.8228305640625001 0.1027195953125 0.804833009375 0.068042971875
0 0.839828196875 0.2814375421875 0.7289999968750001 0.11700000156249998 0.7208445421875 0.136062496875 0.8188310234375 0.2867724265625 0.839828196875 0.2814375421875
0 0.747749996875 0.13366666875 0.761838890625 0.154734515625 0.8208307171874999 0.146732265625 0.8608252171874999 0.17073909375000001 0.9128181906249999 0.18807741718749998 0.91581765625 0.1600694265625 0.8218306406250001 0.12405903125 0.747749996875 0.13366666875
0 0.8289999968749999 0.160333334375 0.7728374390625 0.176073978125 0.7858355296874999 0.201414578125 0.8548261343749999 0.1800751671875 0.8289999968749999 0.160333334375
0 0.846827203125 0.620201440625 0.869824071875 0.56418535625 0.8914999968749999 0.505333334375 0.8518265156249999 0.5468470578125 0.8258300296875 0.6041968375 0.846827203125 0.620201440625
0 0.8608252171874999 0.4348148890625 0.86582453125 0.48949722656250005 0.8418278906250001 0.524173875 0.8478271265625 0.548180753125 0.8838220859374999 0.49616580624999995 0.880249996875 0.43366666875000004 0.8608252171874999 0.4348148890625
0 0.8189999968749999 0.385333334375 0.8078326265625 0.4134754515625 0.8118320156250001 0.453486934375 0.788835146875 0.4694914859375 0.791834765625 0.48149495 0.8038330859375 0.4801612546875 0.829829571875 0.4521531875 0.8189999968749999 0.385333334375