3 0.5499280015625 0.22047249062500002 0.60897331875 0.1638068296875 0.6054999859375 0.1043769796875 0.542981471875 0.05047550625 0.4455058546875 0.002072540625 0.36410905625 0.051857600000000004 0.3241666015625 0.1071411671875 0.33458633125000004 0.1638068296875 0.3675822546875 0.2052695046875 0.4318373703125 0.2453501125 0.5013024171875 0.24949636874999997 0.5499280015625 0.22047249062500002
6 0.1871471921875 0.0435233171875 0.145294053125 0.0670605875 0.162660315625 0.111287425 0.22170563125 0.158278478125 0.2738044171875 0.1638068296875 0.3015904078125 0.1154337078125 0.246018425 0.0463292484375 0.1871471921875 0.0435233171875
9 0.166133646875 0.1914486125 0.1435574546875 0.1638068296875 0.0829352953125 0.1626943015625 0.049779615625 0.1845381671875 0.0011541625 0.1969770171875 0.0150470921875 0.21217994999999998 0.061936078125 0.2038874625 0.0949320015625 0.2301471 0.16092371562500002 0.223236653125 0.166133646875 0.1914486125
7 0.282487546875 0.24949636874999997 0.292907278125 0.2177083546875 0.275541015625 0.1955948703125 0.2175423296875 0.1955095 0.1018784 0.26608145 0.0966686015625 0.28957692343749997 0.034150085937500005 0.318600828125 0.046306415625 0.354535125 0.07409240781250001 0.3683560171875 0.12271799375 0.339332165625 0.16787024687500002 0.3144545703125 0.282487546875 0.24949636874999997
7 0.397104846875 0.2384396921875 0.3716890953125 0.2110535421875 0.3415328625 0.2038874625 0.30506374062499997 0.22047249062500002 0.289434078125 0.2508784375 0.11924466250000001 0.3572993140625 0.10535173125 0.3890873546875 0.12445459375000001 0.4250217046875 0.1869731078125 0.419493328125 0.397104846875 0.2384396921875
13 0.1418208546875 0.4471351109375 0.13834765468750002 0.4789231515625 0.19565623906250001 0.5162395703125 0.23733529375 0.4955082328125 0.2529649546875 0.4485171796875 0.2001736796875 0.421761659375 0.1418208546875 0.4471351109375
13 0.08798547031250001 0.48721571875 0.051516346874999994 0.5383529765625 0.11924466250000001 0.581197771875 0.176553378125 0.5314425296875 0.1505039859375 0.503800746875 0.0981328640625 0.4977547515625 0.08798547031250001 0.48721571875
13 0.1279277921875 0.61298591875 0.1939196390625 0.6212783265625 0.2060759703125 0.57014106875 0.16543638125 0.54784110625 0.10882493124999999 0.586726096875 0.1279277921875 0.61298591875
13 0.1852365078125 0.5424992859375 0.2112859015625 0.5756693937499999 0.2599114859375 0.565994759375 0.287697478125 0.541117165625 0.2685946171875 0.509329125 0.2240555734375 0.5063903296875 0.1852365078125 0.5424992859375
13 0.2599114859375 0.639245528125 0.31374687031250004 0.624042515625 0.3311131328125 0.5894902859375 0.282674765625 0.5599309171875 0.2164958328125 0.603311178125 0.2599114859375 0.639245528125
1 0.1589231375 0.6618307437500001 0.048043015625000005 0.686236528125 0 0.7276992046874999 0.0028907609375 0.7968036625 0.23386209375 0.723553 0.358899125 0.723553 0.36063572499999996 0.7014394890625 0.296380609375 0.677944015625 0.1589231375 0.6618307437500001
1 0.41099790937499997 0.776072325 0.304385578125 0.7343696046875 0.21996903125 0.7470484734375 0.2026027703125 0.7705439484375 0.3432694625 0.8258275156250001 0.4544135625 0.87281856875 0.523878609375 0.9640364328125001 0.5516646015625 0.95574391875 0.41099790937499997 0.776072325
1 0.2026027703125 0.762251434375 0.13069908125000002 0.77582038125 0.11056153124999998 0.7954215953125 0.14703078593750002 0.8341201343750001 0.287697478125 0.876964878125 0.41099790937499997 0.9640364328125001 0.43010077031250005 0.939158890625 0.35368919375 0.8313558921875 0.2026027703125 0.762251434375
1 0.13834765468750002 0.8175350015625 0.039513671875 0.8034542328125 0.032413353125 0.792657459375 0.0272035546875 0.8534692984375001 0.183499909375 0.9336305140625001 0.3397962625 0.9820036343749999 0.357162525 0.9585081609375001 0.284224146875 0.8783469453125001 0.13834765468750002 0.8175350015625
4 0.9180926953125 0.9115171078125 0.8493269578125 0.8863557875 0.7913190640625001 0.8894037015625 0.789582465625 0.9308663765625 0.7965288640625 0.9792394984375001 0.8694672421874999 1 0.912882896875 0.9820036343749999 0.9545619500000001 0.9529797828125 0.9180926953125 0.9115171078125
4 0.8920433031250001 0.9087528656250001 0.9910310734375001 0.9170454859375001 0.989294340625 0.80786041875 0.91880155625 0.7896373078125001 0.8243149875 0.8617619171875001 0.8920433031250001 0.9087528656250001
5 0.5985535875 0.9294842031250001 0.631549378125 0.9128991750000001 0.5742407953125 0.865908121875 0.547546671875 0.8656303984375 0.530825140625 0.8852573921875001 0.5985535875 0.9294842031250001
5 0.66044289375 0.894991365625 0.6749650328125 0.918427553125 0.8000021953124999 0.86037974375 0.773952803125 0.8410305796875001 0.66044289375 0.894991365625
5 0.8037342531249999 0.763730571875 0.753113209375 0.8050961765625001 0.782635934375 0.8258275156250001 0.8312613875 0.7912752859375 0.8037342531249999 0.763730571875
5 0.65610073125 0.831088084375 0.5725041953125001 0.8576156078125001 0.6020267875 0.8894037015625 0.6784383640625 0.8534692984375001 0.65610073125 0.831088084375
5 0.662613975 0.727461140625 0.522142009375 0.7940395265625 0.5551379328125 0.8313558921875 0.669755234375 0.74566640625 0.662613975 0.727461140625
5 0.7548499421875 0.79818573125 0.780899334375 0.7498126093749999 0.7429439796875 0.7481865296875 0.70448775625 0.782982771875 0.73053715 0.8092424875 0.7548499421875 0.79818573125
5 0.72011741875 0.762251434375 0.67346938125 0.7447322984375 0.5985535875 0.79818573125 0.6054999859375 0.8133887968750001 0.72011741875 0.762251434375
5 0.5447180703125001 0.856233540625 0.5568745328125 0.8631439859375 0.6732284328125 0.8258275156250001 0.669755234375 0.7912752859375 0.6582718125 0.8000000015625 0.5707674640625 0.8202992421875 0.5447180703125001 0.856233540625
10 0.6350227109375 0.698675353125 0.5627442406250001 0.6411053546875001 0.5464548031249999 0.6834723406250001 0.58987045625 0.7097321078125 0.5586111328125 0.72493506875 0.5707674640625 0.7525768515625 0.6246029796875 0.7387559593749999 0.6002901875 0.71526038125 0.6350227109375 0.698675353125
10 0.5151954796875 0.7097321078125 0.43465045 0.6618307437500001 0.36410905625 0.67517993125 0.3780019859375 0.698675353125 0.40057817812499996 0.71249624375 0.4439938328125 0.75672305625 0.46309669375 0.7898932171874999 0.523878609375 0.771926121875 0.5481914031249999 0.75672305625 0.5151954796875 0.7097321078125
10 0.5725041953125001 0.7221708265625 0.5568745328125 0.69176490625 0.5134588796874999 0.6406277015625 0.49435601875 0.67517993125 0.5377716718750001 0.73599171875 0.5725041953125001 0.7221708265625
14 0.3710554546875 0.3697381375 0.4231542390625 0.41258288125 0.48393615468749995 0.41672913906250003 0.5117222796875 0.376648584375 0.4737299109375 0.32849741093749996 0.3988415796875 0.3420963546875 0.3710554546875 0.3697381375
14 0.43030828750000005 0.25595855 0.416207840625 0.2868127875 0.426627571875 0.3213650171875 0.4978292171875 0.3365679765625 0.518668678125 0.3282754625 0.525615209375 0.2854306671875 0.4978292171875 0.26608145 0.43030828750000005 0.25595855
14 0.631549378125 0.28957692343749997 0.6054999859375 0.25917100312499997 0.560573159375 0.28877375 0.5204054109375 0.3213650171875 0.518668678125 0.355917246875 0.522142009375 0.3932336125 0.58987045625 0.3959978015625 0.6280761796875 0.3628276921875 0.640232509375 0.3213650171875 0.631549378125 0.28957692343749997
2 0.64307424375 0.2628670140625 0.6350227109375 0.2923411125 0.6836481625 0.2964873703125 0.7461668109375 0.2923411125 0.760059740625 0.28404859843749997 0.7496400109375 0.2674635171875 0.73053715 0.2453501125 0.64307424375 0.2628670140625
2 0.801563171875 0.2145077734375 0.7513766093750001 0.2342933828125 0.7479034109375 0.2522605578125 0.8729404421875 0.2799023421875 0.9250392265625 0.3268933421875 0.94935201875 0.3116903828125 0.9007264328125 0.261935140625 0.83299811875 0.22047249062500002 0.801563171875 0.2145077734375
2 0.6072367187500001 0.158278478125 0.645442440625 0.170717275 0.770479471875 0.1624247875 0.798265596875 0.1499859375 0.782635934375 0.12372624843749999 0.69083803125 0.126424871875 0.6072367187500001 0.158278478125
2 0.8138951249999999 0.1845381671875 0.9233026265625 0.1914486125 0.9180926953125 0.16933523281250001 0.8297872281249999 0.1540587234375 0.770479471875 0.170717275 0.8138951249999999 0.1845381671875
2 0.6332861109375 0.210797909375 0.6905946953125001 0.2066516 0.784372534375 0.21217994999999998 0.8121585265625001 0.2273829375 0.7277464109375 0.176511228125 0.6280761796875 0.18039188281250002 0.6332861109375 0.210797909375
8 0.4628745046875 0.485664940625 0.49609261718750003 0.502418678125 0.5290885421875 0.503800746875 0.5290885421875 0.477541084375 0.516932078125 0.4416067328125 0.48393615468749995 0.42916796250000006 0.4561501625 0.44575304375 0.4628745046875 0.485664940625
8 0.419681040625 0.5480276109375 0.4596234953125 0.5839619609375 0.4856728875 0.5798156515625 0.5047757484375001 0.52867839375 0.4737299109375 0.49257340312500003 0.421417640625 0.4996544890625 0.419681040625 0.5480276109375
8 0.516932078125 0.6198963640625 0.5707674640625 0.63371725625 0.586397125 0.5964007328125 0.517151534375 0.5616580328125 0.47698975624999995 0.58810821875 0.516932078125 0.6198963640625
8 0.6054999859375 0.6198963640625 0.661072103125 0.6433917859375 0.6871214953125 0.6102216234375 0.65610073125 0.5754749578125 0.58987045625 0.5839619609375 0.6054999859375 0.6198963640625
8 0.638495909375 0.5424992859375 0.6280761796875 0.5632306234375 0.668018634375 0.5894902859375 0.7183806859375 0.5756693937499999 0.73053715 0.5355888390625 0.67346938125 0.5184801390625 0.638495909375 0.5424992859375
8 0.5811873265624999 0.5259142046874999 0.6054999859375 0.5507918 0.640232509375 0.5507918 0.6749650328125 0.4968903 0.657598771875 0.46648438125 0.6018237015625 0.475302246875 0.5811873265624999 0.5259142046874999
8 0.5290885421875 0.4955082328125 0.5603477328124999 0.5176216390625 0.5953104578125 0.47357513124999995 0.57771399375 0.440224665625 0.5395082718750001 0.459573934375 0.5290885421875 0.4955082328125
8 0.4926192859375 0.5535559890624999 0.5620843328125 0.577051515625 0.6054999859375 0.54940973125 0.584660525 0.524532084375 0.5518888343749999 0.5150259078125 0.49435601875 0.5176216390625 0.4926192859375 0.5535559890624999